    1,    0, 0.0000000000000000E+00, 0.0000000000000000E+00, 0.0000000000000000E+00, 0.0000000000000000E+00             
    1,    1, 0.0000000000000000E+00, 0.0000000000000000E+00, 0.0000000000000000E+00, 0.0000000000000000E+00             
    2,    0,-0.1185104245101000E-01, 0.0000000000000000E+00, 0.2456561200548000E-07, 0.0000000000000000E+00             
    2,    1,-0.7988759042756000E-09,-0.2213810111122000E-07, 0.2276116014003000E-07, 0.2286648368439000E-07             
    2,    2, 0.2470083625411000E-03,-0.2743996430843000E-03, 0.5013087928547000E-07, 0.5050757491806000E-07             
    3,    0, 0.4154981024282000E-04, 0.0000000000000000E+00, 0.1453672951932000E-07, 0.0000000000000000E+00             
    3,    1, 0.2340079342437000E-04, 0.6215018428847000E-04, 0.1863482711104000E-07, 0.1871787894794000E-07             
    3,    2,-0.1919635618177000E-04, 0.7075349564119000E-04, 0.1524863868637000E-07, 0.1564227581091000E-07             
    3,    3,-0.4879325446678000E-04,-0.9003134919201000E-04, 0.2585298284894000E-07, 0.2560230366782000E-07             
    4,    0, 0.5729720060629000E-03, 0.0000000000000000E+00, 0.2185343534947000E-07, 0.0000000000000000E+00             
    4,    1,-0.2273677022552000E-04,-0.2335926511333000E-05, 0.2510459156652000E-07, 0.2516052379969000E-07             
    4,    2, 0.1237570666553000E-04,-0.1721973926429000E-04, 0.2778435537089000E-07, 0.2784098183024000E-07             
    4,    3,-0.2342924474126000E-04,-0.3341490028719000E-05, 0.2133061303480000E-07, 0.2149939551321000E-07             
    4,    4, 0.2661662148132000E-04, 0.2754292578786000E-04, 0.2067155304846000E-07, 0.2068421531594000E-07             
    5,    0,-0.3663162869250000E-06, 0.0000000000000000E+00, 0.3534191205991000E-07, 0.0000000000000000E+00             
    5,    1, 0.1531089910649000E-04,-0.2230571558840000E-04, 0.3512915335509000E-07, 0.3529042858227000E-07             
    5,    2,-0.1168961539658000E-04, 0.7408656979944000E-05, 0.3316960369790000E-07, 0.3319919355199000E-07             
    5,    3, 0.2466039755584000E-04,-0.2730210507947000E-04, 0.4070778444996000E-07, 0.4086275083668000E-07             
    5,    4,-0.3337594253481000E-04, 0.2206834014593000E-04, 0.2937020916968000E-07, 0.2932876387212000E-07             
    5,    5,-0.2347548415221000E-04, 0.1936188133024000E-04, 0.3373977057021000E-07, 0.3234709659442000E-07             
    6,    0,-0.2277940990413000E-04, 0.0000000000000000E+00, 0.5076843074848000E-07, 0.0000000000000000E+00             
    6,    1, 0.6788864224941000E-05, 0.2788943951504000E-04, 0.5470488769741000E-07, 0.5482450328509000E-07             
    6,    2,-0.3525760980733000E-05,-0.5253189612731000E-05, 0.4919743685476000E-07, 0.4963179194682000E-07             
    6,    3,-0.9876437672753000E-05, 0.3852811175552000E-04, 0.4612633894746000E-07, 0.4644666337399000E-07             
    6,    4, 0.1065543614198000E-04,-0.8331129491156000E-05, 0.4858396663750000E-07, 0.4860076898599000E-07             
    6,    5, 0.2256470027371000E-04,-0.3954413613876000E-05, 0.4634291307745000E-07, 0.4708532156661000E-07             
    6,    6,-0.2233459312628000E-04,-0.5815695096237000E-05, 0.3971771733406000E-07, 0.3999544972768000E-07             
    7,    0, 0.1695996652509000E-05, 0.0000000000000000E+00, 0.8073450714200000E-07, 0.0000000000000000E+00             
    7,    1,-0.9767608786555000E-06,-0.6411999208105000E-06, 0.8365739388901000E-07, 0.8386972721665000E-07             
    7,    2, 0.2397579370798000E-04,-0.5926209635673000E-05, 0.7757155177899000E-07, 0.7826475886556000E-07             
    7,    3,-0.1828638071873000E-04,-0.6990232623753000E-05, 0.7033202209515000E-07, 0.7033641214266000E-07             
    7,    4, 0.1232075771095000E-04,-0.1072636657071000E-04, 0.6290609175378000E-07, 0.6248561868567001E-07             
    7,    5, 0.2698843081720000E-05,-0.2339758003515000E-04, 0.7753867027683001E-07, 0.7767646472815000E-07             
    7,    6, 0.5978728478891000E-06,-0.4632344086950000E-05, 0.7009411286061000E-07, 0.6960054858072000E-07             
    7,    7, 0.5257671177855000E-05,-0.1444333488160000E-04, 0.5727271096019000E-07, 0.5741936689555000E-07             
    8,    0, 0.5805512278367000E-05, 0.0000000000000000E+00, 0.1347236509787000E-06, 0.0000000000000000E+00             
    8,    1,-0.5553876577305000E-05,-0.1179534523580000E-05, 0.1377041400662000E-06, 0.1377692664403000E-06             
    8,    2,-0.1592953384238000E-04, 0.7048383757567000E-05, 0.1281239111371000E-06, 0.1299115183390000E-06             
    8,    3,-0.8817246923372000E-05, 0.1608678029510000E-06, 0.1148833348397000E-06, 0.1146844418800000E-06             
    8,    4,-0.3108764961679000E-05, 0.1114997461355000E-04, 0.1013162384352000E-06, 0.1005647686420000E-06             
    8,    5, 0.3195850127876000E-05, 0.4910335037129000E-05, 0.1062062846655000E-06, 0.1056180223083000E-06             
    8,    6, 0.1424164305132000E-05,-0.1408742536448000E-04, 0.1075717203611000E-06, 0.1067278625022000E-06             
    8,    7,-0.1054434834939000E-04, 0.1350450990998000E-04, 0.1069050643400000E-06, 0.1075010978825000E-06             
    8,    8, 0.3891629200318000E-05, 0.9104856705061001E-05, 0.8325219060968001E-07, 0.8389812867480000E-07             
    9,    0, 0.1115116210849000E-05, 0.0000000000000000E+00, 0.2229676620109000E-06, 0.0000000000000000E+00             
    9,    1, 0.5200010627558000E-05, 0.1334683483473000E-04, 0.2231523666480000E-06, 0.2238164059441000E-06             
    9,    2, 0.1768161577502000E-04, 0.4005648265366000E-05, 0.2076786454690000E-06, 0.2098523611141000E-06             
    9,    3,-0.2001637416301000E-04,-0.6821823497007000E-05, 0.1938195294137000E-06, 0.1935774332584000E-06             
    9,    4,-0.8196788527307999E-05, 0.2544759070456000E-05, 0.1683139401759000E-06, 0.1675816554876000E-06             
    9,    5, 0.2925709943575000E-05,-0.9048218763858000E-05, 0.1609918591585000E-06, 0.1638717837652000E-06             
    9,    6, 0.5785804705188000E-05, 0.3021334734954000E-05, 0.1755306290031000E-06, 0.1748276343811000E-06             
    9,    7,-0.2206873540636000E-05, 0.2315281150462000E-04, 0.1739950618838000E-06, 0.1746133471460000E-06             
    9,    8,-0.7428353758341000E-05,-0.1433531315975000E-04, 0.1705868477832000E-06, 0.1716184509940000E-06             
    9,    9, 0.2602166978340000E-05, 0.9050469858636000E-05, 0.1257006384584000E-06, 0.1263906206293000E-06             
   10,    0,-0.1529761815317000E-04, 0.0000000000000000E+00, 0.3658548800801000E-06, 0.0000000000000000E+00             
   10,    1,-0.2666108359958000E-05,-0.6631260205835000E-05, 0.3697130328550000E-06, 0.3702459379134000E-06             
   10,    2, 0.1777306666163000E-05,-0.5334556199543000E-05, 0.3503217756576000E-06, 0.3531030018189000E-06             
   10,    3,-0.1755001456766000E-05,-0.2215897460914000E-04, 0.3136948935160000E-06, 0.3150108060877000E-06             
   10,    4, 0.6919288155075000E-05,-0.3896946798663000E-05, 0.2811682553510000E-06, 0.2810362953181000E-06             
   10,    5,-0.1572443982927000E-05,-0.1403754373756000E-04, 0.2575749680736000E-06, 0.2530973925210000E-06             
   10,    6,-0.1599560715922000E-04,-0.1914496988287000E-05, 0.2250882976797000E-06, 0.2229212575759000E-06             
   10,    7,-0.5814724335706000E-05, 0.5455641221340000E-05, 0.2727153730295000E-06, 0.2713711425533000E-06             
   10,    8,-0.5051261173524000E-05, 0.7369875067196000E-05, 0.2888476584578000E-06, 0.2885314684719000E-06             
   10,    9, 0.2671606526433000E-05, 0.2485861095373000E-04, 0.2695181828290000E-06, 0.2696223540003000E-06             
   10,   10, 0.1472834351095000E-04,-0.7234432665483000E-05, 0.2044681585023000E-06, 0.2038021016542000E-06             
   11,    0,-0.3049735410462000E-05, 0.0000000000000000E+00, 0.6044987170674000E-06, 0.0000000000000000E+00             
   11,    1, 0.7507519331028000E-05, 0.1136511823512000E-04, 0.6033432423610000E-06, 0.6022272870302000E-06             
   11,    2,-0.4445822766344000E-05, 0.6825623959814000E-05, 0.5793079592769000E-06, 0.5850827629401000E-06             
   11,    3, 0.9975435580381001E-05, 0.8332470933631000E-06, 0.5432253775135001E-06, 0.5435222946278000E-06             
   11,    4, 0.8561998293560999E-05,-0.4566750138698000E-05, 0.4657072922624000E-06, 0.4642358287183000E-06             
   11,    5, 0.9114761427777999E-05,-0.1259677494680000E-04, 0.4272401967349000E-06, 0.4280461399766000E-06             
   11,    6, 0.1000224013269000E-04,-0.2277139506510000E-05, 0.3737147011553000E-06, 0.3740090188190000E-06             
   11,    7,-0.1783041745170000E-04, 0.1363650245359000E-04, 0.3525393706634000E-06, 0.3517050055239000E-06             
   11,    8,-0.2185816158394000E-05,-0.1986544145753000E-05, 0.4239485579609000E-06, 0.4233970769941000E-06             
   11,    9,-0.9622088359895999E-05,-0.5463300456298000E-05, 0.4646382521938000E-06, 0.4644229789210000E-06             
   11,   10, 0.4563292055513000E-05, 0.1673494386921000E-04, 0.4172330640134000E-06, 0.4145098342700000E-06             
   11,   11,-0.7965672021127999E-05,-0.1056973601987000E-05, 0.3003335750234000E-06, 0.3006413936809000E-06             
   12,    0, 0.7961843911871000E-05, 0.0000000000000000E+00, 0.9969914075348001E-06, 0.0000000000000000E+00             
   12,    1, 0.1189469211758000E-04,-0.5714457095654000E-05, 0.9965125077223000E-06, 0.9973026680424000E-06             
   12,    2, 0.7435321121513000E-05,-0.1163160876248000E-04, 0.9598261973782000E-06, 0.9691665470718001E-06             
   12,    3, 0.6635567315088000E-05, 0.1853870648539000E-04, 0.8969111372576000E-06, 0.8963674043739000E-06             
   12,    4, 0.9941916638833000E-05, 0.4106511022962000E-05, 0.7904572839959000E-06, 0.7896020203454000E-06             
   12,    5,-0.4244829792186000E-05,-0.9343449390665000E-05, 0.6986584941640000E-06, 0.6946878396550000E-06             
   12,    6,-0.1032821213930000E-04,-0.1749573380398000E-05, 0.6387729516730000E-06, 0.6404600354996000E-06             
   12,    7,-0.6356877536184000E-05,-0.5209765004958000E-05, 0.5755276746007000E-06, 0.5764064198901000E-06             
   12,    8,-0.4222330883495000E-05, 0.3936888123153000E-05, 0.6008192135759000E-06, 0.6037346237192000E-06             
   12,    9, 0.9246853092050000E-05, 0.1992084515397000E-05, 0.6664016353453000E-06, 0.6666212604662000E-06             
   12,   10,-0.8254686562399000E-05,-0.2860196766889000E-05, 0.7548006924846000E-06, 0.7557947049831000E-06             
   12,   11,-0.6031018499954000E-06,-0.1237239482346000E-04, 0.6217141415384000E-06, 0.6167633768789000E-06             
   12,   12,-0.8092212058613001E-05,-0.1593829729373000E-04, 0.4532121114956000E-06, 0.4581557656195000E-06             
   13,    0,-0.7763563866801000E-06, 0.0000000000000000E+00, 0.1629854485303000E-05, 0.0000000000000000E+00             
   13,    1, 0.1538837124652000E-05,-0.1711838186704000E-05, 0.1613216391700000E-05, 0.1607802024321000E-05             
   13,    2, 0.3928310528325000E-05, 0.3230477057946000E-05, 0.1565246200463000E-05, 0.1581436677201000E-05             
   13,    3, 0.2277502383348000E-05, 0.5387150900686000E-05, 0.1495759733519000E-05, 0.1499939924837000E-05             
   13,    4,-0.3883043900436000E-05, 0.1368273586095000E-04, 0.1321146672520000E-05, 0.1319849864387000E-05             
   13,    5,-0.9620055071258000E-05,-0.4766622370823000E-05, 0.1173065983728000E-05, 0.1180875685375000E-05             
   13,    6,-0.4241587232733000E-05,-0.4775137147530000E-05, 0.1040864818962000E-05, 0.1040717295729000E-05             
   13,    7,-0.1869512285100000E-05,-0.4432952579177000E-05, 0.9983982485258000E-06, 0.1000752373306000E-05             
   13,    8,-0.1304427926649000E-04,-0.7227197910601000E-05, 0.8929702654049000E-06, 0.8941150906141000E-06             
   13,    9,-0.2120686859893000E-05,-0.2713768981966000E-05, 0.9988224639731000E-06, 0.9958963618859000E-06             
   13,   10, 0.7148433976073000E-05,-0.9393577208092000E-05, 0.1104557025224000E-05, 0.1104310802482000E-05             
   13,   11, 0.5028732241105000E-05,-0.7261160209125000E-05, 0.1195572669904000E-05, 0.1192403699629000E-05             
   13,   12,-0.6965385652373000E-05, 0.6602260013002000E-06, 0.9441765279066000E-06, 0.9472231263525000E-06             
   13,   13,-0.4103455251193000E-05, 0.4606279140958000E-06, 0.6993096999861000E-06, 0.7038058745038000E-06             
   14,    0,-0.2772392991353000E-05, 0.0000000000000000E+00, 0.2602258567546000E-05, 0.0000000000000000E+00             
   14,    1,-0.7822261005250000E-05,-0.4282998212107000E-05, 0.2589222236774000E-05, 0.2578302215191000E-05             
   14,    2, 0.9348477609421000E-06,-0.7550439210895000E-05, 0.2511986446549000E-05, 0.2533032976468000E-05             
   14,    3, 0.8801937103406000E-05, 0.1324207327977000E-04, 0.2376682306438000E-05, 0.2375156619037000E-05             
   14,    4,-0.5693151886077000E-05, 0.3279823942498000E-05, 0.2139275621073000E-05, 0.2138186012460000E-05             
   14,    5, 0.6364603163755000E-05,-0.5187903253351000E-05, 0.1953843839870000E-05, 0.1961979556460000E-05             
   14,    6, 0.3388735331590000E-07, 0.4628703133333000E-05, 0.1723653902552000E-05, 0.1732286216142000E-05             
   14,    7,-0.2932492068610000E-06, 0.1745033813442000E-05, 0.1580387789143000E-05, 0.1586549902271000E-05             
   14,    8, 0.5521765690901000E-05,-0.3493362003850000E-05, 0.1530346215957000E-05, 0.1527883475671000E-05             
   14,    9,-0.4154392331034000E-05,-0.5610858537765000E-05, 0.1311608269304000E-05, 0.1311477482102000E-05             
   14,   10,-0.9086595201999000E-06,-0.3201518830305000E-05, 0.1771929273949000E-05, 0.1747563917320000E-05             
   14,   11,-0.1549385677524000E-05,-0.2915895237308000E-05, 0.1793103505325000E-05, 0.1785140218802000E-05             
   14,   12, 0.3491079435103000E-05,-0.8326606452027000E-05, 0.1825592637330000E-05, 0.1820534423324000E-05             
   14,   13, 0.3341486458194000E-05,-0.5759021304204000E-05, 0.1450660786864000E-05, 0.1460753865415000E-05             
   14,   14, 0.9295798141347000E-05, 0.1013261685648000E-05, 0.1093369825924000E-05, 0.1091523819253000E-05             
   15,    0, 0.2928379659332000E-05, 0.0000000000000000E+00, 0.3914259157570000E-05, 0.0000000000000000E+00             
   15,    1, 0.4448044608529000E-05,-0.7021015612813000E-05, 0.3819200411468000E-05, 0.3795697490159000E-05             
   15,    2,-0.3250175133757000E-05,-0.6261460275117000E-05, 0.3725347527470000E-05, 0.3747227018559000E-05             
   15,    3,-0.9642108658985001E-06,-0.1348878840908000E-05, 0.3600280250424000E-05, 0.3607883735492000E-05             
   15,    4, 0.2916450265016000E-05,-0.5205169456066000E-05, 0.3199525753865000E-05, 0.3194475259905000E-05             
   15,    5,-0.3163829271026000E-05, 0.5038730422424000E-05, 0.2979550269217000E-05, 0.2979747887423000E-05             
   15,    6,-0.1587161764957000E-05,-0.4624117806594000E-05, 0.2758816762211000E-05, 0.2761796964351000E-05             
   15,    7, 0.5056964367263000E-05,-0.3869088707370000E-05, 0.2449450211574000E-05, 0.2455310710357000E-05             
   15,    8, 0.5710607645867000E-05,-0.2024713979343000E-05, 0.2307532974372000E-05, 0.2289990043672000E-05             
   15,    9, 0.1237695742717000E-05,-0.1908743220380000E-05, 0.2169636303629000E-05, 0.2177003628828000E-05             
   15,   10, 0.3745161372247000E-05, 0.6919414566179000E-05, 0.2073690405247000E-05, 0.2072380809261000E-05             
   15,   11,-0.3714062288315000E-05, 0.5466644144649000E-05, 0.2310994408424000E-05, 0.2341657791942000E-05             
   15,   12, 0.1187577323877000E-04,-0.4232878714702000E-05, 0.2783436020743000E-05, 0.2769876652518000E-05             
   15,   13,-0.8561007578956000E-05, 0.5805808444697000E-05, 0.2542177228385000E-05, 0.2545869647489000E-05             
   15,   14, 0.8947217988855000E-05,-0.4383046998441000E-05, 0.1976127522880000E-05, 0.1973983778362000E-05             
   15,   15,-0.1873838037555000E-05, 0.2576011986796000E-05, 0.1718051326781000E-05, 0.1716093874077000E-05             
   16,    0, 0.1990108800447000E-05, 0.0000000000000000E+00, 0.5649742572642000E-05, 0.0000000000000000E+00             
   16,    1,-0.1658787042493000E-05,-0.3478722171998000E-05, 0.5534008921962000E-05, 0.5504074473727000E-05             
   16,    2, 0.7183369862336000E-05,-0.4077860115718000E-05, 0.5389201627760000E-05, 0.5404493340804000E-05             
   16,    3,-0.5236211654313000E-05,-0.1246632513866000E-04, 0.5064223850651000E-05, 0.5068157549470000E-05             
   16,    4,-0.6975063610172000E-06,-0.3489797562290000E-05, 0.4641149478352000E-05, 0.4635445566574000E-05             
   16,    5,-0.7646614183748000E-05, 0.3949281162644000E-05, 0.4433968094396000E-05, 0.4424872798619000E-05             
   16,    6,-0.1107778583443000E-04, 0.8006471011758001E-05, 0.4060986852799000E-05, 0.4076661856764000E-05             
   16,    7,-0.3321358586081000E-05,-0.2685603003701000E-06, 0.3797350488549000E-05, 0.3827787772274000E-05             
   16,    8,-0.3073640637911000E-05, 0.4823107201941000E-05, 0.3428803697582000E-05, 0.3415046786334000E-05             
   16,    9, 0.7750943220678000E-05, 0.3203616337474000E-06, 0.3340101880320000E-05, 0.3349163945324000E-05             
   16,   10, 0.2247242808010000E-05, 0.3356903499804000E-05, 0.3294176460269000E-05, 0.3158057719339000E-05             
   16,   11,-0.1003889111684000E-04, 0.1201043592550000E-04, 0.3213007880630000E-05, 0.3183092450135000E-05             
   16,   12,-0.3909614041126000E-05, 0.3074115148297000E-05, 0.3489632625549000E-05, 0.3535696775460000E-05             
   16,   13,-0.1551047432960000E-05,-0.1142470373283000E-04, 0.4250287330404000E-05, 0.4257116337104000E-05             
   16,   14, 0.5812533273498000E-05, 0.6147745683303000E-06, 0.3506302034126000E-05, 0.3509096816239000E-05             
   16,   15, 0.4409815301131000E-05,-0.6535855431787000E-05, 0.2808142037272000E-05, 0.2814472586182000E-05             
   16,   16,-0.3857388156909000E-05, 0.1053974673991000E-05, 0.2615982223735000E-05, 0.2616796334147000E-05             
   17,    0, 0.3558827801910000E-05, 0.0000000000000000E+00, 0.5783883559615000E-05, 0.0000000000000000E+00             
   17,    1, 0.2317793787864000E-05, 0.3041446719153000E-05, 0.5709484255572000E-05, 0.5692918549051000E-05             
   17,    2,-0.4747956781070000E-05,-0.2143952618725000E-05, 0.5653181988938000E-05, 0.5657263704630000E-05             
   17,    3, 0.2295241639377000E-05,-0.6362079299718000E-06, 0.5547512632224000E-05, 0.5552693478943000E-05             
   17,    4,-0.2306134302598000E-05,-0.3984071176451000E-05, 0.5221912801496000E-05, 0.5217768013860000E-05             
   17,    5, 0.6440635219276000E-05, 0.1543232948168000E-05, 0.5100012221546000E-05, 0.5123390046268000E-05             
   17,    6,-0.1204489675390000E-05, 0.8314679428203000E-05, 0.4860270941349000E-05, 0.4865062652952000E-05             
   17,    7, 0.1086365791215000E-05, 0.1423099652840000E-05, 0.4568242986286000E-05, 0.4572791583835000E-05             
   17,    8, 0.2483567950313000E-05, 0.3151299670193000E-05, 0.4385364290971000E-05, 0.4381675547196000E-05             
   17,    9, 0.1219918724800000E-06,-0.1391937019131000E-05, 0.4147431793044000E-05, 0.4138312674367000E-05             
   17,   10, 0.4468106445206000E-05,-0.3683329554697000E-06, 0.4353982075537000E-05, 0.4391503271041000E-05             
   17,   11,-0.3990732654525000E-05, 0.9786632203936001E-05, 0.4065341759011000E-05, 0.4065264938319000E-05             
   17,   12, 0.5579061168367000E-05, 0.5858536204325000E-05, 0.4184656928998000E-05, 0.4207459788753000E-05             
   17,   13,-0.1135570564085000E-05,-0.1294875442273000E-04, 0.4552277330018000E-05, 0.4585140173089000E-05             
   17,   14,-0.5273979776381000E-06, 0.1087550314169000E-05, 0.4983133264447000E-05, 0.4991008687267000E-05             
   17,   15, 0.1922035523670000E-05, 0.1205845810811000E-04, 0.4359191842506000E-05, 0.4341002054344000E-05             
   17,   16, 0.3302074350159000E-05,-0.7147936813654000E-05, 0.3574952465282000E-05, 0.3590208191765000E-05             
   17,   17, 0.3171901423351000E-05,-0.6542723968040000E-05, 0.3602522446859000E-05, 0.3619079306288000E-05             
   18,    0,-0.2392469713295000E-05, 0.0000000000000000E+00, 0.5677771840389000E-05, 0.0000000000000000E+00             
   18,    1,-0.7296785859779000E-07, 0.5148796380684000E-05, 0.5658999664411000E-05, 0.5654282803678000E-05             
   18,    2,-0.2261314976936000E-05,-0.2981240237001000E-05, 0.5640331119081000E-05, 0.5640899849854000E-05             
   18,    3, 0.3676491276229000E-05, 0.6910704980401000E-06, 0.5575708524197000E-05, 0.5575740573035000E-05             
   18,    4,-0.1937223326793000E-05,-0.8505071467301000E-07, 0.5503186877897000E-05, 0.5502906153492000E-05             
   18,    5,-0.2726423266329000E-05,-0.3083817018814000E-05, 0.5475550306998000E-05, 0.5473518073368000E-05             
   18,    6, 0.6290456448930000E-06,-0.1695069629005000E-05, 0.5366773399135000E-05, 0.5371647625774000E-05             
   18,    7, 0.2007258113448000E-05, 0.1115989617739000E-05, 0.5265943565802000E-05, 0.5267663124824000E-05             
   18,    8, 0.7274689031261000E-05,-0.2771355218384000E-05, 0.5209632173700000E-05, 0.5211844237620000E-05             
   18,    9,-0.1162976856532000E-04, 0.4578192810062000E-05, 0.5132886339035000E-05, 0.5133724868188000E-05             
   18,   10, 0.1337569095359000E-05,-0.7977600136953000E-06, 0.5057346607671000E-05, 0.5057759955128000E-05             
   18,   11, 0.3853269191383000E-05, 0.4272550859707000E-05, 0.5111401813541000E-05, 0.5107011375489000E-05             
   18,   12,-0.2863344162673000E-05, 0.9940365199309000E-06, 0.4893610732402000E-05, 0.4869336518063000E-05             
   18,   13,-0.7086265798951000E-06, 0.3835622147549000E-05, 0.5002481109584000E-05, 0.4988400001689000E-05             
   18,   14, 0.3830736406363000E-05,-0.8279489200351000E-06, 0.5257658621698000E-05, 0.5260901380191000E-05             
   18,   15,-0.5546729403805000E-06,-0.4685739867828000E-05, 0.5376044540587000E-05, 0.5365952051840000E-05             
   18,   16,-0.6069095265747000E-06,-0.2864609268589000E-05, 0.5006335803754000E-05, 0.5006199216374000E-05             
   18,   17,-0.2778696421117000E-05,-0.3215270835695000E-06, 0.4668026248068000E-05, 0.4673432250408000E-05             
   18,   18, 0.4862336838126999E-06,-0.4885243974625000E-05, 0.4733558666651000E-05, 0.4732933343047000E-05        